Marco De La Grandiere
Journal for W1016
6-November-2019

I recieved assistance from: No one
I assisted: No one


Not gate

$ 1 0.000005 10.20027730826997 50 5 50
178 672 400 848 400 0 1 0.2 0 0.05 1000000 0.02 20
g 672 448 672 528 0
181 848 384 1008 416 0 333.5333040127469 100 120 0.4 0.4
g 1008 416 1008 528 0
s 672 432 560 432 0 1 false
R 560 432 560 224 0 0 40 5 0 0 0.5
R 672 400 672 224 0 0 40 5 0 0 0.5
x 587 472 603 475 4 24 A
x 849 353 1003 356 4 24 Lamp\s(Output)
x 625 189 1170 192 4 24 Marco\sDe\sLa\sGrandiere\sNot\sgate\s6\sNovember\s2019

And gate

$ 1 0.000005 10.20027730826997 50 5 50
178 432 384 608 384 0 1 0.2 0 0.05 1000000 0.02 20
g 432 432 432 512 0
181 608 400 768 400 0 313.39084320721844 100 120 0.4 0.4
g 768 400 768 512 0
s 432 416 320 416 0 0 false
R 320 416 320 208 0 0 40 5 0 0 0.5
R 432 384 432 208 0 0 40 5 0 0 0.5
x 347 456 363 459 4 24 A
x 609 337 763 340 4 24 Lamp\s(Output)
x 625 189 1175 192 4 24 Marco\sDe\sLa\sGrandiere\sAnd\sgate\s6\sNovember\s2019
R 832 432 832 208 0 0 40 5 0 0 0.5
178 912 400 1184 400 0 1 0.2 0 0.05 1000000 0.02 20
181 1184 416 1280 416 0 300 100 120 0.4 0.4
g 1280 416 1280 496 0
R 912 400 912 224 0 0 40 5 0 0 0.5
g 912 448 912 528 0
s 912 432 832 432 0 1 true
w 608 368 608 560 0
w 608 560 1088 528 0
w 1088 528 912 400 0



Or gate

$ 1 0.000005 10.20027730826997 50 5 50
178 432 384 608 384 0 1 0.2 0 0.05 1000000 0.02 20
g 432 432 432 512 0
181 608 400 768 400 0 313.39084320721844 100 120 0.4 0.4
g 768 400 768 512 0
s 432 416 320 416 0 0 false
R 320 416 320 208 0 0 40 5 0 0 0.5
R 432 384 432 208 0 0 40 5 0 0 0.5
x 347 456 363 459 4 24 A
x 609 337 763 340 4 24 Lamp\s(Output)
x 625 189 1159 192 4 24 Marco\sDe\sLa\sGrandiere\sOr\sgate\s6\sNovember\s2019
R 832 432 832 208 0 0 40 5 0 0 0.5
178 912 400 1184 400 0 1 0.2 0 0.05 1000000 0.02 20
181 1184 416 1280 416 0 300 100 120 0.4 0.4
g 1280 416 1280 496 0
R 912 400 912 224 0 0 40 5 0 0 0.5
g 912 448 912 528 0
s 912 432 832 432 0 1 true
w 608 368 608 560 0
w 608 560 1088 528 0
w 1088 528 1184 384 0

Xor gate

$ 1 0.000005 10.20027730826997 50 5 50
178 432 384 608 384 0 1 0.2 0 0.05 1000000 0.02 20
g 432 432 432 512 0
181 608 368 768 400 0 313.39084320721844 100 120 0.4 0.4
g 768 400 768 512 0
s 432 416 320 416 0 1 false
R 320 416 320 208 0 0 40 5 0 0 0.5
R 432 384 432 208 0 0 40 5 0 0 0.5
x 347 456 363 459 4 24 A
x 609 337 763 340 4 24 Lamp\s(Output)
x 625 189 1170 192 4 24 Marco\sDe\sLa\sGrandiere\sXor\sgate\s6\sNovember\s2019
R 832 432 832 208 0 0 40 5 0 0 0.5
178 912 400 1184 400 0 1 0.2 0 0.05 1000000 0.02 20
181 1184 384 1280 416 0 300 100 120 0.4 0.4
g 1280 416 1280 496 0
R 912 400 912 224 0 0 40 5 0 0 0.5
g 912 448 912 528 0
s 912 432 832 432 0 1 true
w 608 368 608 560 0
w 608 560 1088 528 0
w 1088 528 1072 416 0

